v = [50 0; 0 50; 50 50; 0 0 ; 25 75]
v2 = [120 40;140 100;180 80]
dibujar_muchas_figuras(2,0.05)